[gd_scene load_steps=4 format=3 uid="uid://bje17gilswvhq"]

[ext_resource type="PackedScene" uid="uid://dgdkt1n2tre1x" path="res://Player.tscn" id="1_r5ank"]

[sub_resource type="BoxShape3D" id="BoxShape3D_2em1h"]
size = Vector3(49.1478, 1, 49.1952)

[sub_resource type="BoxShape3D" id="BoxShape3D_avjgq"]

[node name="Node3D" type="Node3D"]

[node name="Ground" type="StaticBody3D" parent="."]

[node name="CSGBox3D" type="CSGBox3D" parent="Ground"]
transform = Transform3D(50, 0, 0, 0, 0.1, 0, 0, 0, 50, 0, 0, 0)

[node name="CollisionShape3D" type="CollisionShape3D" parent="Ground"]
transform = Transform3D(1, 0, 0, 0, 1, 0, 0, 0, 1, -0.337219, -0.402691, -0.12262)
shape = SubResource("BoxShape3D_2em1h")

[node name="RigidBody3D" type="RigidBody3D" parent="."]
transform = Transform3D(0.855009, 0.464836, -0.22997, -0.431501, 0.883613, 0.181753, 0.28769, -0.0561684, 0.956075, 0, 2.52463, -6.1552)

[node name="CollisionShape3D" type="CollisionShape3D" parent="RigidBody3D"]
shape = SubResource("BoxShape3D_avjgq")

[node name="CSGBox3D" type="CSGBox3D" parent="RigidBody3D"]

[node name="RigidBody3D2" type="RigidBody3D" parent="."]
transform = Transform3D(0.510956, 0.8285, -0.229154, 0.173331, 0.161803, 0.971481, 0.84195, -0.536103, -0.0609305, 3.43172, 2.29748, -6.1552)

[node name="CollisionShape3D" type="CollisionShape3D" parent="RigidBody3D2"]
shape = SubResource("BoxShape3D_avjgq")

[node name="CSGBox3D" type="CSGBox3D" parent="RigidBody3D2"]

[node name="DirectionalLight3D" type="DirectionalLight3D" parent="."]
transform = Transform3D(0.635459, 0.482046, 0.603179, -2.30533e-08, -0.781183, 0.624302, 0.772135, -0.396718, -0.496409, 0, 4.98899, 0)
shadow_enabled = true

[node name="Player" parent="." instance=ExtResource("1_r5ank")]
transform = Transform3D(1, 0, 0, 0, 1, 0, 0, 0, 1, 1, 1.64735, 2.179)
