[gd_scene load_steps=7 format=3 uid="uid://bje17gilswvhq"]

[ext_resource type="PackedScene" uid="uid://dgdkt1n2tre1x" path="res://Player.tscn" id="1_r5ank"]

[sub_resource type="Environment" id="Environment_qi11d"]
tonemap_mode = 3
ssr_enabled = true
ssao_enabled = true
sdfgi_enabled = true
fog_enabled = true
volumetric_fog_enabled = true
volumetric_fog_density = 0.0169
volumetric_fog_sky_affect = 0.073

[sub_resource type="CameraAttributesPractical" id="CameraAttributesPractical_p6yrt"]

[sub_resource type="BoxShape3D" id="BoxShape3D_7errm"]
size = Vector3(50, 0.1, 50)

[sub_resource type="BoxShape3D" id="BoxShape3D_2em1h"]
size = Vector3(1.99398, 0.144775, 4.07937)

[sub_resource type="BoxShape3D" id="BoxShape3D_avjgq"]

[node name="Node3D" type="WorldEnvironment"]
environment = SubResource("Environment_qi11d")
camera_attributes = SubResource("CameraAttributesPractical_p6yrt")

[node name="Ground" type="StaticBody3D" parent="."]

[node name="CSGBox3D" type="CSGBox3D" parent="Ground"]
transform = Transform3D(50, 0, 0, 0, 0.1, 0, 0, 0, 50, 0, 0, 0)

[node name="CollisionShape3D" type="CollisionShape3D" parent="Ground"]
transform = Transform3D(1, 0, 0, 0, 1, 0, 0, 0, 1, -0.337219, -0.00132716, -0.12262)
shape = SubResource("BoxShape3D_7errm")

[node name="Ground2" type="StaticBody3D" parent="."]
transform = Transform3D(1, 0, 0, 0, 0.932084, -0.362243, 0, 0.362243, 0.932084, 0, 0.402152, 0)

[node name="CSGBox3D" type="CSGBox3D" parent="Ground2"]
transform = Transform3D(2, 0, 0, 0, 0.0999999, 5.96046e-07, 0, -2.6077e-08, 1.99999, 0, 0, -0.987305)
size = Vector3(1, 1, 1.9873)

[node name="CollisionShape3D" type="CollisionShape3D" parent="Ground2"]
transform = Transform3D(1, 0, 0, 0, 0.999997, 2.98023e-07, 0, -2.98023e-07, 0.999997, -0.0221177, 0.0012401, -0.938933)
shape = SubResource("BoxShape3D_2em1h")

[node name="RigidBody3D" type="RigidBody3D" parent="."]
transform = Transform3D(0.855009, 0.464836, -0.22997, -0.431501, 0.883613, 0.181753, 0.28769, -0.0561684, 0.956075, 0, 3.02492, -6.1552)

[node name="CollisionShape3D" type="CollisionShape3D" parent="RigidBody3D"]
shape = SubResource("BoxShape3D_avjgq")

[node name="CSGBox3D" type="CSGBox3D" parent="RigidBody3D"]
transform = Transform3D(1, 2.6077e-08, 0, 1.86265e-08, 1, 3.72529e-09, 0, 7.45058e-09, 1, 0, 0, 0)

[node name="RigidBody3D2" type="RigidBody3D" parent="."]
transform = Transform3D(0.510956, 0.8285, -0.229154, 0.173331, 0.161803, 0.971481, 0.84195, -0.536103, -0.0609305, 3.43172, 2.29748, -6.1552)

[node name="CollisionShape3D" type="CollisionShape3D" parent="RigidBody3D2"]
shape = SubResource("BoxShape3D_avjgq")

[node name="CSGBox3D" type="CSGBox3D" parent="RigidBody3D2"]

[node name="DirectionalLight3D" type="DirectionalLight3D" parent="."]
transform = Transform3D(0.635459, 0.482046, 0.603179, -2.30533e-08, -0.781183, 0.624302, 0.772135, -0.396718, -0.49641, 0, 4.98899, 0)
shadow_enabled = true
shadow_bias = 0.0
shadow_normal_bias = 5.885

[node name="Player" parent="." instance=ExtResource("1_r5ank")]
transform = Transform3D(1, 0, 0, 0, 1, 0, 0, 0, 1, 1, 2.14376, 4.54562)

[node name="FogVolume" type="FogVolume" parent="."]
transform = Transform3D(0.635459, 0.482046, 0.603179, -2.30533e-08, -0.781183, 0.624302, 0.772135, -0.396718, -0.496409, 0.983994, 4.98899, 0)
